      0/24     2.62G   0.02561  0.009666   0.01921   0.05449         8       640     0.135    0.5222      0.15   0.07762   0.03525   0.00379   0.01787
      1/24     3.23G   0.01788  0.007325   0.01465   0.03986        13       640    0.1954    0.4597    0.2009    0.1095   0.03188  0.003992   0.01804
      2/24     3.23G   0.01617  0.007329   0.01365   0.03715         7       640    0.2321    0.6368    0.2873    0.1641   0.02724  0.003111   0.01624
      3/24     3.23G   0.01594  0.007248   0.01407   0.03726         7       640    0.2518     0.656    0.3047    0.1475    0.0233  0.003726    0.0171
      4/24     3.23G   0.01811  0.007451    0.0164   0.04196         5       640    0.3294    0.7316     0.432    0.2535   0.01674  0.003118   0.01514
      5/24     3.23G   0.01794  0.007059   0.01684   0.04184         6       640    0.4855    0.7148    0.6092    0.3895   0.01561  0.002719   0.01347
      6/24     3.23G   0.01746  0.006931   0.01681   0.04119         7       640    0.3803    0.7541    0.5432    0.3761   0.01464   0.00263   0.01464
      7/24     3.23G   0.01699   0.00688   0.01669   0.04055         7       640    0.5141    0.6421    0.5955    0.3953   0.01584  0.002732   0.01397
      8/24     3.23G    0.0171  0.006952   0.01705    0.0411         8       640    0.4616    0.7425    0.6277    0.4226    0.0161  0.002548   0.01311
      9/24     3.23G   0.01693  0.006775   0.01694   0.04064         4       640    0.5873    0.7036    0.6874    0.4703   0.01404  0.002673   0.01243
     10/24     3.23G   0.01675  0.006709   0.01679   0.04026         7       640     0.591    0.7552      0.74    0.5133   0.01392  0.002561   0.01148
     11/24     3.23G   0.01652  0.006666   0.01651   0.03969         6       640    0.7095    0.8389    0.8602    0.5973   0.01409  0.002414   0.00975
     12/24     3.23G   0.01633  0.006647   0.01619   0.03916        10       640    0.7105    0.7903    0.8283    0.5866   0.01417  0.002514   0.01016
     13/24     3.23G   0.01615  0.006486   0.01567   0.03831         6       640    0.7858    0.8692    0.8998     0.646    0.0132  0.002375  0.008719
     14/24     3.23G   0.01578  0.006621   0.01645   0.03886         6       640    0.6558    0.8378     0.806    0.5824   0.01287  0.002441  0.009892
     15/24     3.23G   0.01558  0.006519   0.01586   0.03796         3       640    0.7942    0.9122    0.9127    0.6664   0.01386  0.002309  0.007618
     16/24     3.23G    0.0154  0.006344   0.01514   0.03689         6       640    0.8955    0.9397     0.955     0.705   0.01292  0.002296  0.006465
     17/24     3.23G   0.01494  0.006211    0.0143   0.03545         4       640    0.8976    0.9223    0.9518    0.6995   0.01222  0.002262  0.005949
     18/24     3.23G   0.01529  0.006251   0.01363   0.03517         6       640    0.9085    0.9545    0.9651    0.7286   0.01246  0.002251  0.005796
     19/24     3.23G   0.01481  0.006157   0.01311   0.03408         4       640    0.9275    0.9548    0.9773    0.7399   0.01191   0.00219  0.005017
     20/24     3.23G   0.01464  0.006078   0.01253   0.03325        13       640     0.968    0.9596    0.9886     0.752   0.01167  0.002159  0.004586
     21/24     3.23G   0.01486  0.006051   0.01217   0.03308         5       640    0.9686    0.9851    0.9928    0.7548   0.01154  0.002146  0.003805
     22/24     3.23G   0.01468  0.005975   0.01176   0.03242         5       640     0.978    0.9772    0.9925    0.7535    0.0114  0.002144  0.003798
     23/24     3.23G   0.01399  0.005913   0.01108   0.03099         7       640     0.967    0.9567    0.9898    0.7565   0.01123  0.002135   0.00376
     24/24     3.23G   0.01444  0.005821   0.01123   0.03149         7       640    0.9846    0.9933    0.9943    0.7587   0.01128  0.002138  0.003122
